一、模型转换--二进制格式转换成文本格式
import xgboost as xgb
import numpy as np
bin_file = 'xxx.model' //bin二进制模型文件
bst = xgb.Booster({'nthread': 4})
bst.load_model(bin_file) //加载模型
bst.dump_model(bin_file.split('.')[0]+'.raw.txt') //dump模型的输出文本形式

### 预测 
matrix = [0.25,23.0,47.419918060302734,28.0,17.08942413330078,1.0,0.0] //定义数组
bst.predict(xgb.DMatrix(np.array([matrix]),missing=0))

注意:
1.设置missing=0，或者-0xFFFF
2.xgb不能加载txt文本文件,只能加载bin二进制文件。

二、scala加载模型
class XgbTest(args: Array[String]){

  val conf = new SparkConf().setAppName("appName").setMaster("local")
  val sc = new SparkContext(conf)
  val arg_conf = new Configuration()
  val parser = new GenericOptionsParser(arg_conf, args)
  val out_table = arg_conf.get("output_table_outtable")
  val remainArgs = parser.getRemainingArgs

  val sqlContext = new SQLContext(sc)

  val filepath3 = "/Users/maming/Downloads/test/特征工程/模型/xxx.model"//二进制模型文件
  val byteArray: Array[Byte] = sc.binaryFiles(filepath3,1).take(1).apply(0)._2.toArray()

  val inputStream = new java.io.ByteArrayInputStream(byteArray)
  val xgbmodel = XGBoost.loadModel(inputStream) //加载模型文件

  //特征
  val matrix = "0.0,0.0,NaN,0.0,0.0,0.0,0.0,0.0,0.0,0.0,0.0,1.0,0.0,0.0,0.0,0.0,0.0,0.0,NaN,NaN,NaN,0.0,0.0,0.0,0.0,0.0,0.0,0.0,0.0,0.0,0.0,0.0,0.0,0.0,0.0,0.0,0.0,0.0,0.0,0.0,0.0,0.0,0.0,0.0,0.0,0.0,0.0,0.0,0.0,0.0,0.0,0.0,0.0,0.0,0.0,0.0,0.0,0.0,0.0,0.0,0.0,0.0,0.0,0.0,0.0,0.0,0.0,0.0,0.0,0.0,0.0,0.0,0.0,0.0,0.0,0.0,0.0,0.0,0.0,0.0,0.0,0.0,0.0,0.0,0.0,0.0,0.0,0.0,0.0,0.0,0.0,0.0,0.0,0.0,0.0,0.0,0.0,0.0,0.0,0.0,1.0,0.0,0.0,0.0,0.0,0.0,0.0,0.0,0.0,0.0,0.0,0.0,0.0,0.0,0.0,0.0,0.0,0.0,0.0,0.0,0.0,0.0,0.0,0.0,0.0,0.0,0.0,0.0,0.0,0.0,0.0,0.0,0.0,0.0,0.0,0.0,0.0,0.0,0.0,0.0,0.0,0.0,0.0,0.0,0.0,0.0,0.0,0.0,0.0,0.0,0.0,0.0,0.0,0.0,0.0,1.0,0.0,0.0,0.0,0.0,0.0,0.0,0.0,0.0,0.0,0.0,0.0,0.0,0.0,0.0,0.0,0.0,0.0,0.0,0.0,0.0,0.0,0.0,0.0,0.0,0.0,0.0,0.0,0.0,0.0,0.0,0.0,0.0,0.0,0.0,0.0,0.0,0.0,0.0,0.0,0.0,0.0,0.0,0.0,0.0,0.0,0.0,0.0,0.0,0.0,0.0,0.0,0.0,0.0,0.0,0.0,0.0,0.0,0.0,0.0,0.0,0.0,0.0,0.0,0.0,0.0,0.0,0.0,0.0,0.0,0.0,13.75,0.0,0.0,4.016666889190674,0.0,6.511111259460449,5.333333492279053,1.225000023841858,10.050000190734863,11.287500381469727,3.0222222805023193,4.300000190734863,6.004166603088379,6.7166666984558105,11.350000381469727,0.4166666567325592,0.0,10.029166221618652,6.75,0.0,0.0,0.03333333507180214,0.0,0.0,14.850000381469727,0.0,0.0,0.0,0.0,3.683333396911621,0.0,0.0,0.0,10.983333587646484,0.0,9.783333778381348,0.0,2.5999999046325684,0.0,0.0,0.0,0.0,10.475000381469727,5.599999904632568,5.633333206176758,11.699999809265137,1.8916666507720947,0.0,12.566666603088379,2.383333444595337,13.116666793823242,0.0,0.0,1.0,0.30000001192092896,3.0833332538604736,5.183333396911621,2.75,0.0,9.600000381469727,0.0,0.0,0.20000000298023224,0.6000000238418579,0.0,0.0,9.416666984558105,0.0,12.833333015441895,0.0,0.0,0.0,0.0,0.0,0.9416666626930237,0.0,0.6833333373069763,2.200000047683716,0.0,1.3833333253860474,0.0,0.0,0.0,0.0,0.0,0.0,0.0,0.0,0.0,0.0,0.0,0.0,0.0,0.0,0.0,0.0,0.0,0.0,0.0,0.0,0.0,0.0,0.0,0.0,0.0,0.0,0.0,0.0,0.0,0.0,0.0,0.0,0.0,0.0,0.0,0.0,0.0,0.0,0.0,0.0,0.0,0.0,0.0,0.0,0.0,0.0,0.0,0.0,0.0,0.0,0.0,0.0,0.0,0.0,0.0,0.0,0.0,0.0,0.0,0.0,0.0,0.0,0.0,0.0,0.19166666269302368,0.0,0.0,0.9666666388511658,0.0,0.6888889074325562,0.2916666567325592,0.2222222238779068,0.24444444477558136,0.6583333611488342,0.3222222328186035,0.05000000074505806,0.5166666507720947,0.13333334028720856,0.4000000059604645,0.13333334028720856,0.0,0.3083333373069763,0.5,0.0,0.0,3.5999999046325684,0.0,0.0,2.299999952316284,0.0,0.0,0.0,0.0,0.9333333373069763,0.0,0.0,0.0,1.5,0.0,0.30000001192092896,0.0,0.8166666626930237,0.0,0.0,0.0,0.0,1.5750000476837158,0.550000011920929,0.30000001192092896,0.15000000596046448,0.44999998807907104,0.0,0.9666666388511658,0.20000000298023224,1.0499999523162842,0.0,0.0,0.4000000059604645,1.1833332777023315,0.06666667014360428,0.5166666507720947,0.574999988079071,0.0,1.0833333730697632,0.0,0.0,4.566666603088379,0.23333333432674408,0.0,0.0,8.733333587646484,0.0,1.1333333253860474,0.0,0.0,0.0,0.0,0.0,4.0,0.0,1.6333333253860474,0.5333333611488342,0.0,0.4833333194255829,0.0,0.0,0.0,0.0,0.0,0.0,0.0,0.0,0.0,0.0,0.0,0.0,0.0,0.0,0.0,0.0,0.0,0.0,0.0,0.0,0.0,0.0,0.0,0.0,0.0,0.0,0.0,0.0,0.0,0.0,0.0,0.0,0.0,0.0,0.0,0.0,0.0,0.0,0.0,0.0,0.0,0.0,0.0,0.0,0.0,0.0,0.0,0.0,0.0,0.0,0.0,0.0,0.0,0.0,0.0,0.0,0.0,0.0,0.0,0.0,0.0,0.0,0.0,0.0,10.0,0.0,0.0,10.0,0.0,10.0,10.0,10.0,10.0,10.0,10.0,10.0,10.0,10.0,10.0,10.0,0.0,10.0,10.0,0.0,0.0,10.0,0.0,0.0,10.0,0.0,0.0,0.0,0.0,10.0,0.0,0.0,0.0,10.0,0.0,10.0,0.0,10.0,0.0,0.0,0.0,0.0,10.0,10.0,10.0,10.0,10.0,0.0,10.0,10.0,10.0,0.0,0.0,10.0,10.0,10.0,10.0,10.0,0.0,10.0,0.0,0.0,10.0,10.0,0.0,0.0,10.0,0.0,10.0,0.0,0.0,0.0,0.0,0.0,10.0,0.0,10.0,10.0,0.0,10.0,0.0,0.0,0.0,0.0,0.0,0.0,0.0,0.0,0.0,0.0,0.0,0.0,0.0,0.0,0.0,0.0,0.0,0.0,0.0,0.0,0.0,0.0,0.0,0.0,0.0,0.0,0.0,0.0,0.0,0.0,0.0,0.0,0.0,0.0,0.0,0.0,0.0,0.0,0.0,0.0,0.0,0.0,0.0,0.0,0.0,0.0,0.0,0.0,0.0,0.0,0.0,0.0,0.0,0.0,0.0,0.0,0.0,0.0,0.0,0.0,0.0,0.0,0.0,0.0,1.0,0.0,0.0,1.0,0.0,1.0,0.75,0.5,1.0,0.75,0.6666666865348816,1.0,1.0,1.0,1.0,0.0,0.0,1.0,1.0,0.0,0.0,0.0,0.0,0.0,1.0,0.0,0.0,0.0,0.0,1.0,0.0,0.0,0.0,1.0,0.0,1.0,0.0,0.5,0.0,0.0,0.0,0.0,1.0,1.0,1.0,1.0,0.5,0.0,1.0,1.0,1.0,0.0,0.0,0.0,0.0,1.0,1.0,1.0,0.0,1.0,0.0,0.0,0.0,0.0,0.0,0.0,1.0,0.0,1.0,0.0,0.0,0.0,0.0,0.0,0.5,0.0,0.0,1.0,0.0,1.0,0.0,0.0,0.0,0.0,0.0,0.0,0.0,0.0,0.0,0.0,0.0,0.0,0.0,0.0,0.0,0.0,0.0,0.0,0.0,0.0,0.0,0.0,0.0,0.0,0.0,0.0,0.0,0.0,0.0,0.0,0.0,0.0,0.0,0.0,0.0,0.0,0.0,0.0,0.0,0.0,0.0,0.0,0.0,0.0,0.0,0.0,0.0,0.0,0.0,0.0,0.0,0.0,0.0,0.0,0.0,0.0,0.0,0.0,0.0,0.0,0.0,0.0,0.0,0.0,1.0,0.0,0.0,1.0,0.0,0.6666666865348816,0.5,0.1666666716337204,1.0,0.75,0.3333333432674408,1.0,1.0,1.0,1.0,0.0,0.0,0.75,1.0,0.0,0.0,0.0,0.0,0.0,1.0,0.0,0.0,0.0,0.0,1.0,0.0,0.0,0.0,1.0,0.0,1.0,0.0,0.5,0.0,0.0,0.0,0.0,1.0,1.0,1.0,1.0,0.5,0.0,1.0,0.0,1.0,0.0,0.0,0.0,0.0,1.0,1.0,0.5,0.0,1.0,0.0,0.0,0.0,0.0,0.0,0.0,1.0,0.0,1.0,0.0,0.0,0.0,0.0,0.0,0.0,0.0,0.0,0.0,0.0,0.0,0.0,0.0,0.0,0.0,0.0,0.0,0.0,0.0,0.0,0.0,0.0,0.0,0.0,0.0,0.0,0.0,0.0,0.0,0.0,0.0,0.0,0.0,0.0,0.0,0.0,0.0,0.0,0.0,0.0,0.0,0.0,0.0,0.0,0.0,0.0,0.0,0.0,0.0,0.0,0.0,0.0,0.0,0.0,0.0,0.0,0.0,0.0,0.0,0.0,0.0,0.0,0.0,0.0,0.0,0.0,0.0,0.0,0.0,0.0,0.0,0.0,0.0,0.0,0.0,1.0,0.0,0.0,0.0,0.0,0.3333333432674408,0.5,0.0,1.0,0.75,0.3333333432674408,0.0,0.5,1.0,1.0,0.0,0.0,0.75,1.0,0.0,0.0,0.0,0.0,0.0,1.0,0.0,0.0,0.0,0.0,0.0,0.0,0.0,0.0,1.0,0.0,1.0,0.0,0.0,0.0,0.0,0.0,0.0,1.0,1.0,1.0,1.0,0.0,0.0,1.0,0.0,1.0,0.0,0.0,0.0,0.0,0.0,1.0,0.0,0.0,1.0,0.0,0.0,0.0,0.0,0.0,0.0,1.0,0.0,1.0,0.0,0.0,0.0,0.0,0.0,0.0,0.0,0.0,0.0,0.0,0.0,0.0,0.0,0.0,0.0,0.0,0.0,0.0,0.0,0.0,0.0,0.0,0.0,0.0,0.0,0.0,0.0,0.0,0.0,0.0,0.0,0.0,0.0,0.0,0.0,0.0,0.0,0.0,0.0,0.0,0.0,0.0,0.0,0.0,0.0,0.0,0.0,0.0,0.0,0.0,0.0,0.0,0.0,0.0,0.0,0.0,0.0,0.0,0.0,0.0,0.0,0.0,0.0,0.0,0.0,0.0,0.0,0.0,0.0,0.0,0.0,0.0,0.0,0.0,0.0,1.0,0.0,0.0,0.0,0.0,0.3333333432674408,0.25,0.0,0.6666666865348816,0.25,0.0,0.0,0.0,0.0,1.0,0.0,0.0,0.25,0.0,0.0,0.0,0.0,0.0,0.0,0.5,0.0,0.0,0.0,0.0,0.0,0.0,0.0,0.0,1.0,0.0,0.0,0.0,0.0,0.0,0.0,0.0,0.0,0.5,0.0,0.0,0.6666666865348816,0.0,0.0,1.0,0.0,1.0,0.0,0.0,0.0,0.0,0.0,0.0,0.0,0.0,0.0,0.0,0.0,0.0,0.0,0.0,0.0,0.0,0.0,0.5,0.0,0.0,0.0,0.0,0.0,0.0,0.0,0.0,0.0,0.0,0.0,0.0,0.0,0.0,0.0,0.0,0.0,0.0,0.0,0.0,0.0,0.0,0.0,0.0,0.0,0.0,0.0,0.0,0.0,0.0,0.0,0.0,0.0,0.0,0.0,0.0,0.0,0.0,0.0,0.0,0.0,0.0,0.0,0.0,0.0,0.0,0.0,0.0,0.0,0.0,0.0,0.0,0.0,0.0,0.0,0.0,0.0,0.0,0.0,0.0,0.0,0.0,0.0,0.0,0.0,0.0,0.0,0.0,0.0,0.0,0.0,0.0,0.0,0.0,0.0,2.0,0.0,0.0,1.0,0.0,3.0,4.0,6.0,3.0,4.0,3.0,1.0,4.0,2.0,1.0,1.0,0.0,4.0,1.0,0.0,0.0,1.0,0.0,0.0,2.0,0.0,0.0,0.0,0.0,1.0,0.0,0.0,0.0,1.0,0.0,1.0,0.0,2.0,0.0,0.0,0.0,0.0,2.0,1.0,1.0,3.0,2.0,0.0,1.0,1.0,1.0,0.0,0.0,1.0,1.0,1.0,1.0,2.0,0.0,1.0,0.0,0.0,1.0,1.0,0.0,0.0,1.0,0.0,2.0,0.0,0.0,0.0,0.0,0.0,2.0,0.0,1.0,1.0,0.0,1.0,0.0,0.0,0.0,0.0,0.0,0.0,0.0,0.0,0.0,0.0,0.0,0.0,0.0,0.0,0.0,0.0,0.0,0.0,0.0,0.0,0.0,0.0,0.0,0.0,0.0,0.0,0.0,0.0,0.0,0.0,0.0,0.0,0.0,0.0,0.0,0.0,0.0,0.0,0.0,0.0,0.0,0.0,0.0,0.0,0.0,0.0,0.0,0.0,0.0,0.0,0.0,0.0,0.0,0.0,0.0,0.0,0.0,0.0,0.0,0.0,0.0,0.0,12.850000381469727,0.3333333432674408,8.541666984558105,8.569999694824219,5.634523868560791,4.734444618225098,8.800980567932129,6.172666549682617,5.308974266052246,6.847499847412109,8.347222328186035,5.250640869140625,5.693650722503662,5.629761695861816,4.663333415985107,7.047059059143066,8.203030586242676,8.778787612915039,6.483333110809326,6.774444580078125,3.1083333492279053,5.354166507720947,8.066666603088379,4.391666889190674,2.422222137451172,4.070833206176758,6.985000133514404,3.011904716491699,3.6500000953674316,0.2916666567325592,11.941666603088379,2.4583332538604736,7.670833110809326,2.8499999046325684,0.0,10.983333587646484,2.996666669845581,5.816666603088379,1.0583332777023315,2.0166666507720947,2.355555534362793,5.7166666984558105,3.6194443702697754,6.44444465637207,8.931249618530273,7.0227274894714355,3.614285707473755,7.338235378265381,3.7462964057922363,3.4861111640930176,5.858333110809326,4.570833206176758,6.035714149475098,4.064285755157471,5.426666736602783,2.7809524536132812,2.2874999046325684,4.69444465637207,5.273333549499512,5.385416507720947,4.940000057220459,9.570833206176758,8.972222328186035,3.5999999046325684,6.483333110809326,9.619444847106934,3.4708333015441895,7.0333333015441895,6.166666507720947,2.625,6.455555438995361,4.929999828338623,4.066666603088379,2.876666784286499,4.4375,3.5166666507720947,6.723333358764648,4.766666889190674,0.8083333373069763,2.200000047683716,0.0,1.3833333253860474,0.0,0.0,0.0,0.0,0.0,0.0,0.0,0.0,0.0,0.0,0.0,0.0,0.0,0.0,0.0,0.0,0.0,0.0,0.0,0.0,0.0,0.0,0.0,0.0,0.0,0.0,0.0,0.0,0.0,0.0,0.0,0.0,0.0,0.0,0.0,0.0,0.0,0.0,0.0,0.0,0.0,0.0,0.0,0.0,0.0,0.0,0.0,0.0,0.0,0.0,0.0,0.0,0.0,0.0,0.0,0.0,0.0,0.0,0.0,0.0,0.0,0.0,4.2833333015441895,0.03333333507180214,1.0833333730697632,0.8066666722297668,0.7077777981758118,1.5266666412353516,0.9872549176216125,0.6713333129882812,0.37371793389320374,0.5883333086967468,1.000666618347168,1.9128204584121704,1.2103174924850464,0.788095235824585,0.8816666603088379,0.8549019694328308,1.0848485231399536,1.704545497894287,2.0250000953674316,0.8055555820465088,1.2833333015441895,1.8791667222976685,1.0916666984558105,1.1805555820465088,0.9333333373069763,1.7395833730697632,1.46833336353302,0.6761904954910278,0.2916666567325592,1.75,0.5083333253860474,1.2791666984558105,4.366666793823242,0.5333333611488342,0.0,1.5,2.2833333015441895,0.2916666567325592,2.808333396911621,0.6166666746139526,1.625,1.850000023841858,1.4416667222976685,1.4166666269302368,1.0041667222976685,0.7121211886405945,1.0333333015441895,0.7568627595901489,0.8481481671333313,1.4861111640930176,1.1687500476837158,0.5729166865348816,1.3714286088943481,0.3499999940395355,1.0733333826065063,1.8238095045089722,1.1875,1.413888931274414,0.8266666531562805,1.2291666269302368,1.1033333539962769,1.4375,1.4722222089767456,3.513333320617676,1.4500000476837158,1.255555510520935,0.6666666865348816,0.9729166626930237,2.3972222805023193,0.3083333373069763,0.9472222328186035,2.3333332538604736,0.699999988079071,1.6200000047683716,0.550000011920929,4.733333110809326,2.116666555404663,2.933333396911621,1.0666667222976685,0.5333333611488342,0.0,0.4833333194255829,0.0,0.0,0.0,0.0,0.0,0.0,0.0,0.0,0.0,0.0,0.0,0.0,0.0,0.0,0.0,0.0,0.0,0.0,0.0,0.0,0.0,0.0,0.0,0.0,0.0,0.0,0.0,0.0,0.0,0.0,0.0,0.0,0.0,0.0,0.0,0.0,0.0,0.0,0.0,0.0,0.0,0.0,0.0,0.0,0.0,0.0,0.0,0.0,0.0,0.0,0.0,0.0,0.0,0.0,0.0,0.0,0.0,0.0,0.0,0.0,0.0,0.0,10.0,10.0,10.0,10.0,10.0,10.0,10.0,10.0,10.0,10.0,10.0,10.0,10.0,10.0,10.0,10.0,10.0,10.0,10.0,10.0,10.0,10.0,10.0,10.0,10.0,10.0,10.0,10.0,10.0,10.0,10.0,10.0,10.0,10.0,0.0,10.0,10.0,10.0,10.0,10.0,10.0,10.0,10.0,10.0,10.0,10.0,10.0,10.0,10.0,10.0,10.0,10.0,10.0,10.0,10.0,10.0,10.0,10.0,10.0,10.0,10.0,10.0,10.0,10.0,10.0,10.0,10.0,10.0,10.0,10.0,10.0,10.0,10.0,10.0,10.0,10.0,10.0,10.0,10.0,10.0,0.0,10.0,0.0,0.0,0.0,0.0,0.0,0.0,0.0,0.0,0.0,0.0,0.0,0.0,0.0,0.0,0.0,0.0,0.0,0.0,0.0,0.0,0.0,0.0,0.0,0.0,0.0,0.0,0.0,0.0,0.0,0.0,0.0,0.0,0.0,0.0,0.0,0.0,0.0,0.0,0.0,0.0,0.0,0.0,0.0,0.0,0.0,0.0,0.0,0.0,0.0,0.0,0.0,0.0,0.0,0.0,0.0,0.0,0.0,0.0,0.0,0.0,0.0,0.0,1.0,0.0,0.8333333134651184,1.0,0.800000011920929,0.6875,1.0,0.8799999952316284,0.8148148059844971,0.7749999761581421,0.8399999737739563,0.5,0.8095238208770752,1.0,0.75,0.7647058963775635,0.9090909361839294,0.8181818127632141,0.875,0.8666666746139526,0.75,0.625,1.0,0.5,0.6666666865348816,0.625,0.699999988079071,0.4285714328289032,1.0,0.0,1.0,1.0,1.0,0.5,0.0,1.0,0.6000000238418579,1.0,0.5,0.3333333432674408,0.5,0.5,0.8333333134651184,0.6666666865348816,1.0,0.7272727489471436,0.625,0.8235294222831726,0.5555555820465088,0.8333333134651184,1.0,0.75,0.8571428656578064,0.8571428656578064,0.8999999761581421,0.5714285969734192,0.5,0.6666666865348816,0.800000011920929,0.875,0.800000011920929,0.75,0.6666666865348816,0.4000000059604645,0.5714285969734192,0.8333333134651184,0.75,0.75,0.8333333134651184,0.5,0.6666666865348816,0.800000011920929,1.0,0.4000000059604645,0.5,0.5,0.6666666865348816,1.0,0.0,1.0,0.0,1.0,0.0,0.0,0.0,0.0,0.0,0.0,0.0,0.0,0.0,0.0,0.0,0.0,0.0,0.0,0.0,0.0,0.0,0.0,0.0,0.0,0.0,0.0,0.0,0.0,0.0,0.0,0.0,0.0,0.0,0.0,0.0,0.0,0.0,0.0,0.0,0.0,0.0,0.0,0.0,0.0,0.0,0.0,0.0,0.0,0.0,0.0,0.0,0.0,0.0,0.0,0.0,0.0,0.0,0.0,0.0,0.0,0.0,0.0,0.0,0.0,0.0,0.0,1.0,0.0,0.6666666865348816,1.0,0.5333333611488342,0.5,0.8235294222831726,0.6399999856948853,0.40740740299224854,0.625,0.7599999904632568,0.4615384638309479,0.5714285969734192,0.9285714030265808,0.699999988079071,0.529411792755127,0.8181818127632141,0.8181818127632141,0.75,0.7333333492279053,0.5,0.5,1.0,0.5,0.6666666865348816,0.375,0.6000000238418579,0.4285714328289032,0.5,0.0,1.0,0.5,1.0,0.5,0.0,1.0,0.20000000298023224,0.5,0.0,0.3333333432674408,0.3333333432674408,0.5,0.5,0.6666666865348816,1.0,0.5454545617103577,0.5,0.7058823704719543,0.5555555820465088,0.5,0.625,0.375,0.5714285969734192,0.4285714328289032,0.800000011920929,0.2857142984867096,0.25,0.5,0.6000000238418579,0.625,0.800000011920929,0.75,0.6666666865348816,0.4000000059604645,0.5714285969734192,0.8333333134651184,0.25,0.625,0.6666666865348816,0.5,0.6666666865348816,0.20000000298023224,1.0,0.4000000059604645,0.5,0.5,0.5,1.0,0.0,0.0,0.0,0.0,0.0,0.0,0.0,0.0,0.0,0.0,0.0,0.0,0.0,0.0,0.0,0.0,0.0,0.0,0.0,0.0,0.0,0.0,0.0,0.0,0.0,0.0,0.0,0.0,0.0,0.0,0.0,0.0,0.0,0.0,0.0,0.0,0.0,0.0,0.0,0.0,0.0,0.0,0.0,0.0,0.0,0.0,0.0,0.0,0.0,0.0,0.0,0.0,0.0,0.0,0.0,0.0,0.0,0.0,0.0,0.0,0.0,0.0,0.0,0.0,0.0,0.0,1.0,0.0,0.5,1.0,0.3333333432674408,0.375,0.7058823704719543,0.5600000023841858,0.3333333432674408,0.4000000059604645,0.6000000238418579,0.38461539149284363,0.4285714328289032,0.2857142984867096,0.44999998807907104,0.529411792755127,0.7272727489471436,0.6363636255264282,0.625,0.7333333492279053,0.25,0.5,1.0,0.3333333432674408,0.0,0.375,0.5,0.2857142984867096,0.25,0.0,1.0,0.0,0.75,0.0,0.0,1.0,0.20000000298023224,0.5,0.0,0.0,0.3333333432674408,0.5,0.1666666716337204,0.6666666865348816,0.875,0.5454545617103577,0.375,0.6470588445663452,0.3333333432674408,0.1666666716337204,0.375,0.375,0.4285714328289032,0.4285714328289032,0.5,0.2857142984867096,0.25,0.3333333432674408,0.4000000059604645,0.375,0.4000000059604645,0.75,0.6666666865348816,0.4000000059604645,0.5714285969734192,0.8333333134651184,0.25,0.375,0.3333333432674408,0.5,0.6666666865348816,0.20000000298023224,0.0,0.4000000059604645,0.25,0.5,0.5,0.0,0.0,0.0,0.0,0.0,0.0,0.0,0.0,0.0,0.0,0.0,0.0,0.0,0.0,0.0,0.0,0.0,0.0,0.0,0.0,0.0,0.0,0.0,0.0,0.0,0.0,0.0,0.0,0.0,0.0,0.0,0.0,0.0,0.0,0.0,0.0,0.0,0.0,0.0,0.0,0.0,0.0,0.0,0.0,0.0,0.0,0.0,0.0,0.0,0.0,0.0,0.0,0.0,0.0,0.0,0.0,0.0,0.0,0.0,0.0,0.0,0.0,0.0,0.0,0.0,0.0,0.0,0.75,0.0,0.5,0.4000000059604645,0.13333334028720856,0.1875,0.4117647111415863,0.20000000298023224,0.18518517911434174,0.25,0.4399999976158142,0.1538461595773697,0.2380952388048172,0.2142857164144516,0.05000000074505806,0.3529411852359772,0.3636363744735718,0.4545454680919647,0.125,0.13333334028720856,0.0,0.125,0.0,0.1666666716337204,0.0,0.125,0.30000001192092896,0.1428571492433548,0.0,0.0,0.5,0.0,0.25,0.0,0.0,1.0,0.20000000298023224,0.0,0.0,0.0,0.0,0.1666666716337204,0.0,0.3333333432674408,0.375,0.3636363744735718,0.0,0.29411765933036804,0.0,0.0,0.25,0.125,0.4285714328289032,0.0,0.10000000149011612,0.0,0.0,0.1666666716337204,0.20000000298023224,0.25,0.0,0.5,0.6666666865348816,0.0,0.2857142984867096,0.3333333432674408,0.25,0.25,0.1666666716337204,0.0,0.1666666716337204,0.20000000298023224,0.0,0.0,0.25,0.0,0.1666666716337204,0.0,0.0,0.0,0.0,0.0,0.0,0.0,0.0,0.0,0.0,0.0,0.0,0.0,0.0,0.0,0.0,0.0,0.0,0.0,0.0,0.0,0.0,0.0,0.0,0.0,0.0,0.0,0.0,0.0,0.0,0.0,0.0,0.0,0.0,0.0,0.0,0.0,0.0,0.0,0.0,0.0,0.0,0.0,0.0,0.0,0.0,0.0,0.0,0.0,0.0,0.0,0.0,0.0,0.0,0.0,0.0,0.0,0.0,0.0,0.0,0.0,0.0,0.0,0.0,0.0,0.0,0.0,4.0,1.0,6.0,5.0,15.0,16.0,17.0,25.0,27.0,40.0,25.0,26.0,21.0,14.0,20.0,17.0,11.0,11.0,8.0,15.0,4.0,8.0,2.0,6.0,3.0,8.0,10.0,7.0,4.0,2.0,2.0,4.0,4.0,2.0,0.0,1.0,5.0,2.0,2.0,3.0,6.0,6.0,6.0,3.0,8.0,11.0,8.0,17.0,9.0,6.0,8.0,8.0,7.0,7.0,10.0,7.0,4.0,6.0,5.0,8.0,5.0,4.0,3.0,5.0,7.0,6.0,4.0,8.0,6.0,2.0,6.0,5.0,1.0,5.0,4.0,2.0,6.0,1.0,2.0,1.0,0.0,1.0,0.0,0.0,0.0,0.0,0.0,0.0,0.0,0.0,0.0,0.0,0.0,0.0,0.0,0.0,0.0,0.0,0.0,0.0,0.0,0.0,0.0,0.0,0.0,0.0,0.0,0.0,0.0,0.0,0.0,0.0,0.0,0.0,0.0,0.0,0.0,0.0,0.0,0.0,0.0,0.0,0.0,0.0,0.0,0.0,0.0,0.0,0.0,0.0,0.0,0.0,0.0,0.0,0.0,0.0,0.0,0.0,0.0,0.0,0.0,0.0,0.0,0.0,9.55555534362793,11.368332862854004,7.395237922668457,9.12628173828125,6.703741550445557,6.842372894287109,5.797555446624756,6.40523099899292,6.063024520874023,7.245614051818848,5.216369152069092,5.196014404296875,7.357592582702637,8.024657249450684,4.469213008880615,4.393154621124268,6.234420299530029,6.505796909332275,6.117204189300537,6.084649085998535,6.847222328186035,5.103703498840332,5.187333106994629,5.567460536956787,3.059999942779541,2.6535086631774902,5.193137168884277,5.615555763244629,5.288333415985107,10.23703670501709,7.977083206176758,3.9742424488067627,8.165384292602539,5.085416793823242,8.340476036071777,4.769999980926514,6.784523963928223,6.307142734527588,5.666666507720947,11.155881881713867,7.818840503692627,6.735507011413574,5.515999794006348,6.402631759643555,7.852631568908691,7.855681896209717,6.510000228881836,7.396249771118164,5.531007766723633,4.099999904632568,5.018518447875977,6.318333148956299,5.6672043800354,7.528494834899902,6.586666584014893,5.148148059844971,7.078070163726807,6.704347610473633,5.080158710479736,15.020289421081543,4.400000095367432,8.793333053588867,6.569230556488037,4.077777862548828,6.132539749145508,4.982608795166016,3.403968334197998,5.956818103790283,6.244999885559082,1.7355555295944214,7.560784339904785,3.809420347213745,2.7923076152801514,2.8408334255218506,2.190000057220459,4.022916793823242,4.412820339202881,4.026666641235352,1.0666667222976685,2.3499999046325684,2.8611111640930176,0.7277777791023254,5.333333492279053,0.0,0.0,0.0,0.0,0.0,0.0,0.0,0.0,0.0,0.0,0.0,0.0,0.0,0.0,0.0,0.0,0.0,0.0,0.0,0.0,0.0,0.0,0.0,0.0,0.0,0.0,0.0,0.0,0.0,0.0,0.0,0.0,0.0,0.0,0.0,0.0,0.0,0.0,0.0,0.0,0.0,0.0,0.0,0.0,0.0,0.0,0.0,0.0,0.0,0.0,0.0,0.0,0.0,0.0,0.0,0.0,0.0,0.0,0.0,0.0,0.0,2.3907406330108643,2.6083333492279053,1.7293651103973389,1.8858973979949951,1.201020359992981,1.680790901184082,0.7451754212379456,0.9246376752853394,0.856249988079071,0.8192753791809082,0.8178465962409973,0.9862318634986877,0.769413948059082,0.5273972749710083,0.5796803832054138,0.625,1.1550724506378174,1.436956524848938,1.4833333492279053,1.4329060316085815,1.3677778244018555,1.3990740776062012,0.9326666593551636,2.192063570022583,1.4049999713897705,2.021052598953247,1.58627450466156,1.5733333826065063,2.805000066757202,1.850000023841858,1.2270833253860474,1.4791666269302368,3.0358974933624268,1.3770833015441895,1.9166666269302368,2.2933332920074463,1.6416666507720947,1.5440475940704346,1.5366666316986084,0.9941176176071167,1.0514492988586426,1.1927536725997925,1.0853333473205566,1.296491265296936,1.6333333253860474,0.8996211886405945,1.1014286279678345,0.7020833492279053,1.0620155334472656,1.1591397523880005,0.6717592477798462,1.0045833587646484,1.0838888883590698,0.9854838848114014,1.4924999475479126,1.4765431880950928,1.399999976158142,1.0115941762924194,1.1404762268066406,1.476086974143982,0.8774510025978088,1.744444489479065,1.6288461685180664,2.519444465637207,2.594444513320923,1.8065217733383179,2.530158758163452,1.8840909004211426,1.662500023841858,0.7285714149475098,1.1342592239379883,1.3673913478851318,1.7083333730697632,1.9500000476837158,0.43833333253860474,3.625,2.0214285850524902,1.7266666889190674,0.8277778029441833,0.8166666626930237,3.644444465637207,0.6555555462837219,3.991666555404663,0.0,0.0,0.0,0.0,0.0,0.0,0.0,0.0,0.0,0.0,0.0,0.0,0.0,0.0,0.0,0.0,0.0,0.0,0.0,0.0,0.0,0.0,0.0,0.0,0.0,0.0,0.0,0.0,0.0,0.0,0.0,0.0,0.0,0.0,0.0,0.0,0.0,0.0,0.0,0.0,0.0,0.0,0.0,0.0,0.0,0.0,0.0,0.0,0.0,0.0,0.0,0.0,0.0,0.0,0.0,0.0,0.0,0.0,0.0,0.0,0.0,10.0,10.0,10.0,10.0,10.0,10.0,10.0,10.0,10.0,10.0,10.0,10.0,10.0,10.0,10.0,10.0,10.0,10.0,10.0,10.0,10.0,10.0,10.0,10.0,10.0,10.0,10.0,10.0,10.0,10.0,10.0,10.0,10.0,10.0,10.0,10.0,10.0,10.0,10.0,10.0,10.0,10.0,10.0,10.0,10.0,10.0,10.0,10.0,10.0,10.0,10.0,10.0,10.0,10.0,10.0,10.0,10.0,10.0,10.0,10.0,10.0,10.0,10.0,10.0,10.0,10.0,10.0,10.0,10.0,10.0,10.0,10.0,10.0,10.0,10.0,10.0,10.0,10.0,10.0,10.0,10.0,10.0,10.0,0.0,0.0,0.0,0.0,0.0,0.0,0.0,0.0,0.0,0.0,0.0,0.0,0.0,0.0,0.0,0.0,0.0,0.0,0.0,0.0,0.0,0.0,0.0,0.0,0.0,0.0,0.0,0.0,0.0,0.0,0.0,0.0,0.0,0.0,0.0,0.0,0.0,0.0,0.0,0.0,0.0,0.0,0.0,0.0,0.0,0.0,0.0,0.0,0.0,0.0,0.0,0.0,0.0,0.0,0.0,0.0,0.0,0.0,0.0,0.0,0.0,0.8888888955116272,0.8999999761581421,0.7727272510528564,0.9230769276618958,0.800000011920929,0.6935483813285828,0.7105262875556946,0.8405796885490417,0.7908496856689453,0.7565217614173889,0.739130437374115,0.6413043737411499,0.7252747416496277,0.8082191944122314,0.7123287916183472,0.5892857313156128,0.6808510422706604,0.7659574747085571,0.84375,0.8205128312110901,0.8999999761581421,0.75,0.6000000238418579,0.761904776096344,0.6000000238418579,0.5263158082962036,0.7058823704719543,0.625,0.8999999761581421,0.7777777910232544,1.0,0.75,0.9230769276618958,0.625,0.8571428656578064,0.800000011920929,0.6428571343421936,0.7857142686843872,0.9333333373069763,0.6111111044883728,0.8260869383811951,0.6666666865348816,0.7200000286102295,0.7894737124443054,0.8421052694320679,0.8181818127632141,0.6944444179534912,0.824999988079071,0.75,0.7096773982048035,0.75,0.7317073345184326,0.7096773982048035,0.774193525314331,0.8571428656578064,0.5925925970077515,0.5789473652839661,0.695652186870575,0.7142857313156128,0.8695651888847351,0.7647058963775635,0.75,0.7037037014961243,0.6111111044883728,0.6666666865348816,0.625,0.5714285969734192,0.7727272510528564,0.800000011920929,0.5625,0.5555555820465088,0.625,0.5714285969734192,0.44999998807907104,0.30000001192092896,0.5,0.5,0.699999988079071,0.3333333432674408,1.0,0.6666666865348816,0.3333333432674408,1.0,0.0,0.0,0.0,0.0,0.0,0.0,0.0,0.0,0.0,0.0,0.0,0.0,0.0,0.0,0.0,0.0,0.0,0.0,0.0,0.0,0.0,0.0,0.0,0.0,0.0,0.0,0.0,0.0,0.0,0.0,0.0,0.0,0.0,0.0,0.0,0.0,0.0,0.0,0.0,0.0,0.0,0.0,0.0,0.0,0.0,0.0,0.0,0.0,0.0,0.0,0.0,0.0,0.0,0.0,0.0,0.0,0.0,0.0,0.0,0.0,0.0,0.7777777910232544,0.8999999761581421,0.6818181872367859,0.8461538553237915,0.6600000262260437,0.5967742204666138,0.5526315569877625,0.6086956262588501,0.5424836874008179,0.6173912882804871,0.4956521689891815,0.52173912525177,0.5164835453033447,0.7260273694992065,0.5479452013969421,0.3928571343421936,0.5744680762290955,0.6808510422706604,0.71875,0.692307710647583,0.699999988079071,0.5833333134651184,0.5199999809265137,0.6190476417541504,0.4000000059604645,0.31578946113586426,0.4117647111415863,0.625,0.699999988079071,0.7777777910232544,0.75,0.5,0.8461538553237915,0.625,0.5714285969734192,0.6000000238418579,0.5,0.7142857313156128,0.6666666865348816,0.5,0.695652186870575,0.4583333432674408,0.5199999809265137,0.6842105388641357,0.7894737124443054,0.6363636255264282,0.5555555820465088,0.625,0.5909090638160706,0.4193548262119293,0.5555555820465088,0.5365853905677795,0.4516128897666931,0.5161290168762207,0.6666666865348816,0.37037035822868347,0.5263158082962036,0.5652173757553101,0.523809552192688,0.695652186870575,0.7058823704719543,0.5,0.5185185074806213,0.5,0.523809552192688,0.5,0.3333333432674408,0.6363636255264282,0.5,0.25,0.4444444477558136,0.4583333432674408,0.3571428656578064,0.4000000059604645,0.20000000298023224,0.5,0.4285714328289032,0.6000000238418579,0.0,0.0,0.6666666865348816,0.0,0.5,0.0,0.0,0.0,0.0,0.0,0.0,0.0,0.0,0.0,0.0,0.0,0.0,0.0,0.0,0.0,0.0,0.0,0.0,0.0,0.0,0.0,0.0,0.0,0.0,0.0,0.0,0.0,0.0,0.0,0.0,0.0,0.0,0.0,0.0,0.0,0.0,0.0,0.0,0.0,0.0,0.0,0.0,0.0,0.0,0.0,0.0,0.0,0.0,0.0,0.0,0.0,0.0,0.0,0.0,0.0,0.0,0.0,0.0,0.0,0.0,0.0,0.7777777910232544,0.8999999761581421,0.5909090638160706,0.7692307829856873,0.5799999833106995,0.5,0.46052631735801697,0.49275362491607666,0.3921568691730499,0.4434782564640045,0.3478260934352875,0.3804347813129425,0.37362638115882874,0.5753424763679504,0.3835616409778595,0.2678571343421936,0.4893617033958435,0.5106382966041565,0.5625,0.6153846383094788,0.6000000238418579,0.4444444477558136,0.4000000059604645,0.523809552192688,0.20000000298023224,0.15789473056793213,0.3529411852359772,0.4375,0.5,0.6666666865348816,0.75,0.3333333432674408,0.692307710647583,0.25,0.5714285969734192,0.4000000059604645,0.5,0.5,0.5333333611488342,0.3888888955116272,0.5652173757553101,0.4166666567325592,0.36000001430511475,0.4736842215061188,0.6842105388641357,0.5,0.5,0.6000000238418579,0.4318181872367859,0.22580644488334656,0.3888888955116272,0.4146341383457184,0.3870967626571655,0.4516128897666931,0.523809552192688,0.29629629850387573,0.4736842215061188,0.47826087474823,0.4285714328289032,0.6086956262588501,0.3529411852359772,0.5,0.37037035822868347,0.3333333432674408,0.4761904776096344,0.375,0.2380952388048172,0.4545454680919647,0.3499999940395355,0.0625,0.3888888955116272,0.2083333283662796,0.2142857164144516,0.30000001192092896,0.10000000149011612,0.375,0.3571428656578064,0.4000000059604645,0.0,0.0,0.3333333432674408,0.0,0.5,0.0,0.0,0.0,0.0,0.0,0.0,0.0,0.0,0.0,0.0,0.0,0.0,0.0,0.0,0.0,0.0,0.0,0.0,0.0,0.0,0.0,0.0,0.0,0.0,0.0,0.0,0.0,0.0,0.0,0.0,0.0,0.0,0.0,0.0,0.0,0.0,0.0,0.0,0.0,0.0,0.0,0.0,0.0,0.0,0.0,0.0,0.0,0.0,0.0,0.0,0.0,0.0,0.0,0.0,0.0,0.0,0.0,0.0,0.0,0.0,0.0,0.5555555820465088,0.6000000238418579,0.3181818127632141,0.5,0.2800000011920929,0.29032257199287415,0.21052631735801697,0.18840579688549042,0.23529411852359772,0.2347826063632965,0.17391304671764374,0.15217390656471252,0.21978022158145905,0.3835616409778595,0.12328767031431198,0.1785714328289032,0.19148936867713928,0.21276596188545227,0.15625,0.07692307978868484,0.13333334028720856,0.1666666716337204,0.20000000298023224,0.1428571492433548,0.05000000074505806,0.05263157933950424,0.1764705926179886,0.1875,0.10000000149011612,0.3333333432674408,0.25,0.0,0.38461539149284363,0.25,0.4285714328289032,0.20000000298023224,0.4285714328289032,0.2142857164144516,0.13333334028720856,0.1111111119389534,0.1304347813129425,0.1666666716337204,0.11999999731779099,0.2631579041481018,0.3684210479259491,0.25,0.2222222238779068,0.30000001192092896,0.11363636702299118,0.09677419066429138,0.1944444477558136,0.2195121943950653,0.25806450843811035,0.16129031777381897,0.190476194024086,0.1111111119389534,0.3684210479259491,0.3478260934352875,0.190476194024086,0.30434781312942505,0.05882352963089943,0.4375,0.2222222238779068,0.1111111119389534,0.2857142984867096,0.125,0.1428571492433548,0.1818181872367859,0.25,0.0,0.1111111119389534,0.0833333358168602,0.0,0.0,0.10000000149011612,0.0,0.1428571492433548,0.0,0.0,0.0,0.0,0.0,0.0,0.0,0.0,0.0,0.0,0.0,0.0,0.0,0.0,0.0,0.0,0.0,0.0,0.0,0.0,0.0,0.0,0.0,0.0,0.0,0.0,0.0,0.0,0.0,0.0,0.0,0.0,0.0,0.0,0.0,0.0,0.0,0.0,0.0,0.0,0.0,0.0,0.0,0.0,0.0,0.0,0.0,0.0,0.0,0.0,0.0,0.0,0.0,0.0,0.0,0.0,0.0,0.0,0.0,0.0,0.0,0.0,0.0,0.0,0.0,0.0,0.0,9.0,10.0,22.0,26.0,50.0,62.0,76.0,138.0,153.0,115.0,115.0,92.0,91.0,73.0,73.0,56.0,47.0,47.0,32.0,39.0,30.0,36.0,25.0,21.0,20.0,19.0,17.0,16.0,10.0,9.0,8.0,12.0,13.0,8.0,7.0,5.0,14.0,14.0,15.0,18.0,23.0,24.0,25.0,19.0,38.0,44.0,36.0,40.0,44.0,31.0,36.0,41.0,31.0,31.0,21.0,27.0,19.0,23.0,21.0,23.0,17.0,16.0,27.0,18.0,21.0,24.0,21.0,22.0,20.0,16.0,18.0,24.0,14.0,20.0,10.0,8.0,14.0,10.0,6.0,2.0,3.0,3.0,2.0,0.0,0.0,0.0,0.0,0.0,0.0,0.0,0.0,0.0,0.0,0.0,0.0,0.0,0.0,0.0,0.0,0.0,0.0,0.0,0.0,0.0,0.0,0.0,0.0,0.0,0.0,0.0,0.0,0.0,0.0,0.0,0.0,0.0,0.0,0.0,0.0,0.0,0.0,0.0,0.0,0.0,0.0,0.0,0.0,0.0,0.0,0.0,0.0,0.0,0.0,0.0,0.0,0.0,0.0,0.0,0.0,0.0,0.0,0.0,0.0,0.0,0.0,0.0,0.0,0.0,0.0,0.0,0.0,0.0,0.0,0.0,0.0,0.0,0.0,0.0,0.0,0.0,0.0,0.0,0.0,0.0,0.0,0.0,0.0,0.0,0.0,0.0,0.0,0.0,0.0,0.0,0.0,0.0,0.0,0.0,0.0,0.0,0.0,0.0,0.0,0.0,0.0,0.0,0.0,0.0,0.0,0.0,0.0,0.0,0.0,0.0,0.0,0.0,0.0,0.0,0.0,0.0,0.0,0.0,0.0,0.0,0.0,0.0,0.0,0.0,0.0,0.0,0.0,0.0,0.0,0.0,0.0,0.0,0.0,0.0,0.0,0.0,0.0,0.0,0.0,0.0,0.0,0.0,0.0,0.0,0.0,0.0,0.0,0.0,0.0,0.0,0.0,0.0,0.0,0.0,0.0,0.0,0.0,0.0,0.0,0.0,0.0,0.0,0.0,0.0,0.0,0.0,0.0,0.0,0.0,0.0,0.0,0.0,0.0,0.0,0.0,0.0,0.0,0.0,0.0,0.0,0.0,0.0,0.0,0.0,0.0,0.0,0.0,0.0,0.0,0.0,0.0,0.0,0.0,0.0,0.0,0.0,0.0,0.0,0.0,0.0,0.0,0.0,0.0,0.0,0.0,0.0,0.0,0.0,0.0,0.0,0.0,0.0,41.488460540771484,26.72564125061035,6.58445930480957,0.8711711764335632,10.0,40.0,17.0,21.0,0.7749999761581421,0.625,0.4749999940395355,0.17499999701976776,0.8235294222831726,0.7647058963775635,0.5882353186607361,0.29411765933036804,0.6666666865348816,0.5714285969734192,0.4761904776096344,0.2380952388048172,37.94426727294922,23.586942672729492,5.959879398345947,1.181253433227539,10.0,45.0,18.0,26.0,0.795597493648529,0.6352201104164124,0.48427674174308777,0.23899370431900024,0.7777777910232544,0.6111111044883728,0.460317462682724,0.1746031790971756,0.6304348111152649,0.510869562625885,0.39673912525177,0.18478260934352875,38.37443923950195,23.61933708190918,6.16668701171875,1.1927982568740845,10.0,44.0,17.0,23.0,0.7471697926521301,0.5796226263046265,0.44830188155174255,0.21283018589019775,0.751937985420227,0.5775193572044373,0.4593023359775543,0.22286821901798248,0.6676217913627625,0.517192006111145,0.39255014061927795,0.16762177646160126,5.1216816902160645,15.433570861816406,6.639514923095703,16.068700790405273,100017.703125,61567.0,2604.0,38.40925598144531,23.643239974975586,2198.8212890625,3572.060791015625,93.0,3.3458075523376465,4.650000095367432,1.8741981983184814,15.876744270324707,15.876744270324707,0.0,0.0,0.0,0.0,0.0,0.0,0.0,0.0,0.0,0.0,0.0,0.8904701471328735"

  def run(): Unit ={
    xgbmodel.getFeatureScore().toSeq.sortBy(_._2).foreach(println(_)) //打印重要性
    val dmat = new DMatrix(matrix.split(",").map(_.toFloat),1,3921,missing = Float.NaN) //预测

    val predict = xgbmodel.predict(dmat)(0)(0).toDouble //预测值

    println(predict) //0.9895433187484741 

  }
}
